# Created by Octave 4.2.1, Thu Sep 07 12:27:51 2017 GMT <unknown@unknown>
# name: a
# type: scalar
3


# name: ans
# type: bool
1


# name: b
# type: scalar
5


# name: c
# type: string
# elements: 1
# length: 5
hello


# name: d
# type: bool
1


# name: e
# type: scalar
3.141592653589793


